%YAML:1.0
---
location_params:
   camera_matrix: !!opencv-matrix
      rows: 3
      cols: 3
      dt: d
      data: [ 3.8463609629154648e+03, 0., 1.2264918977743771e+03, 0.,
          3.8300782142471744e+03, 1.0509626864433330e+03, 0., 0., 1. ]
   distortion_coefficients: !!opencv-matrix
      rows: 5
      cols: 1
      dt: d
      data: [ -8.6769036760464394e-02, 7.4056316800893585e-01,
          6.0842467988732503e-03, 2.0113350416389965e-03,
          -4.7894919081542051e+00 ]
   extrinsic_matrix: !!opencv-matrix
      rows: 4
      cols: 4
      dt: d
      data: [ 9.6351006888743407e-01, -5.7168492035789401e-02,
          2.6149590947256873e-01, 6.1375750954134949e+00,
          4.7680721580746321e-02, 9.9795849603196651e-01,
          4.2489869229675049e-02, -1.8200708377826840e+02,
          -2.6339114628641436e-01, -2.8471103174436678e-02,
          9.6426889421050976e-01, 2.5781738527461148e+03, 0., 0., 0., 1. ]
   b_matrix: !!opencv-matrix
      rows: 3
      cols: 4
      dt: d
      data: [ 3.3829604094788237e+03, -2.5481023343934893e+02,
          2.1884756441824129e+03, 3.1857166707008202e+06,
          -9.4193373720557361e+01, 3.7923370272966990e+03,
          1.1761501499760093e+03, 2.0124631519822087e+06,
          -2.6339114628641436e-01, -2.8471103174436678e-02,
          9.6426889421050976e-01, 2.5781738527461148e+03 ]
   rvec: !!opencv-matrix
      rows: 3
      cols: 1
      dt: d
      data: [ -3.5926259321471685e-02, 2.6574084092720718e-01,
          5.3083264087595547e-02 ]
   tvec: !!opencv-matrix
      rows: 3
      cols: 1
      dt: d
      data: [ 6.1375750954134949e+00, -1.8200708377826840e+02,
          2.5781738527461148e+03 ]
   background_contour: [ 1193, 754, 1241, 749, 1294, 742, 1356, 736,
       1423, 738, 1485, 748, 1539, 759, 1588, 767, 1590, 823, 1589, 883,
       1584, 942, 1576, 999, 1526, 1003, 1471, 1010, 1408, 1015, 1340,
       1011, 1280, 1001, 1228, 990, 1181, 982, 1179, 926, 1180, 868,
       1186, 810 ]
