%YAML:1.0
---
location_params:
   camera_matrix: !!opencv-matrix
      rows: 3
      cols: 3
      dt: d
      data: [ 2.9215197776671580e+03, 0., 1.2070212465183133e+03, 0.,
          2.9766977531342432e+03, 1.0601184819591119e+03, 0., 0., 1. ]
   distortion_coefficients: !!opencv-matrix
      rows: 5
      cols: 1
      dt: d
      data: [ -8.6769036760464394e-02, 7.4056316800893585e-01,
          -6.1948258953926239e-03, 3.9027612028949533e-04,
          -4.7894919081542051e+00 ]
   extrinsic_matrix: !!opencv-matrix
      rows: 4
      cols: 4
      dt: d
      data: [ 9.6967613988027279e-01, 1.2829638548472093e-02,
          2.4405651829363018e-01, -6.5625650303650445e+01,
          -3.5937375834500539e-02, 9.9525089369019004e-01,
          9.0466367380413262e-02, -2.0575810322785196e+02,
          -2.4173681714836764e-01, -9.6493828733207623e-02,
          9.6553210834823255e-01, 2.1058636571719212e+03, 0., 0., 0., 1. ]
   b_matrix: !!opencv-matrix
      rows: 3
      cols: 4
      dt: d
      data: [ 2.5411465462283704e+03, -7.8988058679198716e+01,
          1.8784337140353659e+03, 2.3500955411928832e+06,
          -3.6324437352905352e+02, 2.8602662078173653e+03,
          1.2928694655004024e+03, 1.6199852998864502e+06,
          -2.4173681714836764e-01, -9.6493828733207623e-02,
          9.6553210834823255e-01, 2.1058636571719212e+03 ]
   rvec: !!opencv-matrix
      rows: 3
      cols: 1
      dt: d
      data: [ -9.4578842613715533e-02, 2.4575162184595761e-01,
          -2.4670105583676917e-02 ]
   tvec: !!opencv-matrix
      rows: 3
      cols: 1
      dt: d
      data: [ -6.5625650303650445e+01, -2.0575810322785196e+02,
          2.1058636571719212e+03 ]
   background_contour: [ 1072, 746, 1116, 736, 1165, 725, 1224, 713,
       1288, 710, 1347, 714, 1398, 720, 1445, 723, 1451, 777, 1455, 834,
       1454, 892, 1450, 947, 1404, 956, 1352, 968, 1292, 978, 1228, 980,
       1170, 974, 1120, 968, 1076, 964, 1070, 911, 1067, 856, 1068, 800 ]
